A1 = 202; % mm^2
A2 = 135; % mm^2
P1 = 76; % kN
P2 = 81; % kN

vpa((P2-P1)*1e3/(A1*1e-6))/1e6
vpa((P2)*1e3/(A2*1e-6))/1e6