A = 3547; % mm^2
P = 26; % kN

F = P * 5/3 * 1e3/2
tau = -F/(A*1e-6)/1e6