R1 = 200; % mm
R2 = 50; % mm
d = 24; % mm
TW = 4901; % N.mm

TW/R2*R1/R2*R1*1e-3/(pi/32*d^4*1e-12)*d/2*1e-3*1e-6