P1 = 61e3
P2 = 35e3
A1 = 261e-6

(P2-P1)/A1/1e6