k1 = 10e5
k2 = 8e5
P = 50

(P/(2*k2)+P/k1)*1e3