t=20
y1=(-4*t*10*t*-t+2*2*t*6*t*-5*t)/(8*t*12*t-4*t*10*t+2*2*t*6*t)
I=1/12*8*t*(12*t)^3-1/12*4*t*(10*t)^3+1/12*2*(2*t)^3*6*t+8*t*12*t*t*t+2*2*t*6*t*(4*t)^2
Iz=I/1e6
sigma=1532*1000*5*t/I