theta = 60
nut = [-250,0,0]
pos_F = [0,-250,0]

