t1 = 20; 
t2 = 20;
b =  237;  
h =  152; 
M1 = -t1*h*(t2+h/2)*2
M2 = -t2*b*(t2/2)

(M1+M2)/(t1*h*2+t2*b)