r = 1
m1 = 1
l = 5
m2 = 2
rs = 2
rh = 2
m3 = 1

Ir = 1.5*m1*r^2
Il = 1/12*m2*l^2
Irec = 1/12*m3*(rs^2+rh^2)

I = Ir+Il+Irec+m2*(1+3.5^2)+m3*(7^2+1)